{
 "cells": [
  {
   "cell_type": "code",
   "execution_count": 1,
   "metadata": {},
   "outputs": [],
   "source": [
    "import numpy as np"
   ]
  },
  {
   "cell_type": "code",
   "execution_count": 2,
   "metadata": {},
   "outputs": [
    {
     "data": {
      "text/plain": [
       "'1.18.2'"
      ]
     },
     "execution_count": 2,
     "metadata": {},
     "output_type": "execute_result"
    }
   ],
   "source": [
    "np.__version__"
   ]
  },
  {
   "cell_type": "markdown",
   "metadata": {},
   "source": [
    "## einsum \n",
    "\n",
    "    https://stackoverflow.com/questions/26089893/understanding-numpys-einsum\n",
    "    \n",
    "    https://ita9naiwa.github.io/numeric%20calculation/2018/11/10/Einsum.html"
   ]
  },
  {
   "cell_type": "code",
   "execution_count": 3,
   "metadata": {},
   "outputs": [
    {
     "data": {
      "text/plain": [
       "<function numpy.einsum(*operands, **kwargs)>"
      ]
     },
     "execution_count": 3,
     "metadata": {},
     "output_type": "execute_result"
    }
   ],
   "source": [
    "np.einsum"
   ]
  },
  {
   "cell_type": "code",
   "execution_count": null,
   "metadata": {},
   "outputs": [],
   "source": []
  },
  {
   "cell_type": "markdown",
   "metadata": {},
   "source": [
    "## 예제 4-6-2-1  두개 배열의 연산 처리하기"
   ]
  },
  {
   "cell_type": "code",
   "execution_count": null,
   "metadata": {},
   "outputs": [],
   "source": []
  },
  {
   "cell_type": "markdown",
   "metadata": {},
   "source": [
    "###  두개의 배열 곱하기 "
   ]
  },
  {
   "cell_type": "code",
   "execution_count": 4,
   "metadata": {},
   "outputs": [],
   "source": [
    "C = np.arange(10)"
   ]
  },
  {
   "cell_type": "code",
   "execution_count": 5,
   "metadata": {},
   "outputs": [],
   "source": [
    "D = np.arange(5, 15)"
   ]
  },
  {
   "cell_type": "code",
   "execution_count": null,
   "metadata": {},
   "outputs": [],
   "source": []
  },
  {
   "cell_type": "code",
   "execution_count": 6,
   "metadata": {},
   "outputs": [
    {
     "data": {
      "text/plain": [
       "array([  0,   6,  14,  24,  36,  50,  66,  84, 104, 126])"
      ]
     },
     "execution_count": 6,
     "metadata": {},
     "output_type": "execute_result"
    }
   ],
   "source": [
    "np.einsum('i,i->i', C, D)"
   ]
  },
  {
   "cell_type": "code",
   "execution_count": null,
   "metadata": {},
   "outputs": [],
   "source": []
  },
  {
   "cell_type": "code",
   "execution_count": 7,
   "metadata": {},
   "outputs": [
    {
     "data": {
      "text/plain": [
       "510"
      ]
     },
     "execution_count": 7,
     "metadata": {},
     "output_type": "execute_result"
    }
   ],
   "source": [
    "np.einsum('i,i->', C, D)"
   ]
  },
  {
   "cell_type": "code",
   "execution_count": 8,
   "metadata": {},
   "outputs": [
    {
     "data": {
      "text/plain": [
       "510"
      ]
     },
     "execution_count": 8,
     "metadata": {},
     "output_type": "execute_result"
    }
   ],
   "source": [
    "np.dot(C,D)"
   ]
  },
  {
   "cell_type": "code",
   "execution_count": null,
   "metadata": {},
   "outputs": [],
   "source": []
  },
  {
   "cell_type": "code",
   "execution_count": 9,
   "metadata": {},
   "outputs": [
    {
     "data": {
      "text/plain": [
       "array([  0,  95, 190, 285, 380, 475, 570, 665, 760, 855])"
      ]
     },
     "execution_count": 9,
     "metadata": {},
     "output_type": "execute_result"
    }
   ],
   "source": [
    "np.einsum('i,j->i', C, D)"
   ]
  },
  {
   "cell_type": "code",
   "execution_count": null,
   "metadata": {},
   "outputs": [],
   "source": []
  },
  {
   "cell_type": "code",
   "execution_count": 10,
   "metadata": {},
   "outputs": [
    {
     "data": {
      "text/plain": [
       "array([[0, 0, 0, 0, 0, 0, 0, 0, 0, 0],\n",
       "       [1, 1, 1, 1, 1, 1, 1, 1, 1, 1],\n",
       "       [2, 2, 2, 2, 2, 2, 2, 2, 2, 2],\n",
       "       [3, 3, 3, 3, 3, 3, 3, 3, 3, 3],\n",
       "       [4, 4, 4, 4, 4, 4, 4, 4, 4, 4],\n",
       "       [5, 5, 5, 5, 5, 5, 5, 5, 5, 5],\n",
       "       [6, 6, 6, 6, 6, 6, 6, 6, 6, 6],\n",
       "       [7, 7, 7, 7, 7, 7, 7, 7, 7, 7],\n",
       "       [8, 8, 8, 8, 8, 8, 8, 8, 8, 8],\n",
       "       [9, 9, 9, 9, 9, 9, 9, 9, 9, 9]])"
      ]
     },
     "execution_count": 10,
     "metadata": {},
     "output_type": "execute_result"
    }
   ],
   "source": [
    "C.reshape(10,1).repeat(10,axis=1)"
   ]
  },
  {
   "cell_type": "code",
   "execution_count": null,
   "metadata": {},
   "outputs": [],
   "source": []
  },
  {
   "cell_type": "code",
   "execution_count": 11,
   "metadata": {},
   "outputs": [
    {
     "data": {
      "text/plain": [
       "array([  0,  95, 190, 285, 380, 475, 570, 665, 760, 855])"
      ]
     },
     "execution_count": 11,
     "metadata": {},
     "output_type": "execute_result"
    }
   ],
   "source": [
    "np.dot(C.reshape(10,1).repeat(10,axis=1), D.reshape(10,1)).T[0]"
   ]
  },
  {
   "cell_type": "code",
   "execution_count": null,
   "metadata": {},
   "outputs": [],
   "source": []
  },
  {
   "cell_type": "code",
   "execution_count": null,
   "metadata": {},
   "outputs": [],
   "source": []
  },
  {
   "cell_type": "code",
   "execution_count": 12,
   "metadata": {},
   "outputs": [
    {
     "data": {
      "text/plain": [
       "array([225, 270, 315, 360, 405, 450, 495, 540, 585, 630])"
      ]
     },
     "execution_count": 12,
     "metadata": {},
     "output_type": "execute_result"
    }
   ],
   "source": [
    "np.einsum('i,j->j', C, D)"
   ]
  },
  {
   "cell_type": "code",
   "execution_count": null,
   "metadata": {},
   "outputs": [],
   "source": []
  },
  {
   "cell_type": "code",
   "execution_count": 13,
   "metadata": {},
   "outputs": [
    {
     "data": {
      "text/plain": [
       "array([[ 5,  6,  7,  8,  9, 10, 11, 12, 13, 14],\n",
       "       [ 5,  6,  7,  8,  9, 10, 11, 12, 13, 14],\n",
       "       [ 5,  6,  7,  8,  9, 10, 11, 12, 13, 14],\n",
       "       [ 5,  6,  7,  8,  9, 10, 11, 12, 13, 14],\n",
       "       [ 5,  6,  7,  8,  9, 10, 11, 12, 13, 14],\n",
       "       [ 5,  6,  7,  8,  9, 10, 11, 12, 13, 14],\n",
       "       [ 5,  6,  7,  8,  9, 10, 11, 12, 13, 14],\n",
       "       [ 5,  6,  7,  8,  9, 10, 11, 12, 13, 14],\n",
       "       [ 5,  6,  7,  8,  9, 10, 11, 12, 13, 14],\n",
       "       [ 5,  6,  7,  8,  9, 10, 11, 12, 13, 14]])"
      ]
     },
     "execution_count": 13,
     "metadata": {},
     "output_type": "execute_result"
    }
   ],
   "source": [
    "D.reshape(1,10).repeat(10,axis=0)"
   ]
  },
  {
   "cell_type": "code",
   "execution_count": null,
   "metadata": {},
   "outputs": [],
   "source": []
  },
  {
   "cell_type": "code",
   "execution_count": 14,
   "metadata": {},
   "outputs": [
    {
     "data": {
      "text/plain": [
       "array([225, 270, 315, 360, 405, 450, 495, 540, 585, 630])"
      ]
     },
     "execution_count": 14,
     "metadata": {},
     "output_type": "execute_result"
    }
   ],
   "source": [
    "np.dot(C.reshape(1,10), D.reshape(1,10).repeat(10,axis=0))[0]"
   ]
  },
  {
   "cell_type": "code",
   "execution_count": null,
   "metadata": {},
   "outputs": [],
   "source": []
  },
  {
   "cell_type": "markdown",
   "metadata": {},
   "source": [
    "### outer 연산하기"
   ]
  },
  {
   "cell_type": "code",
   "execution_count": 15,
   "metadata": {},
   "outputs": [
    {
     "data": {
      "text/plain": [
       "array([[  0,   0,   0,   0,   0,   0,   0,   0,   0,   0],\n",
       "       [  5,   6,   7,   8,   9,  10,  11,  12,  13,  14],\n",
       "       [ 10,  12,  14,  16,  18,  20,  22,  24,  26,  28],\n",
       "       [ 15,  18,  21,  24,  27,  30,  33,  36,  39,  42],\n",
       "       [ 20,  24,  28,  32,  36,  40,  44,  48,  52,  56],\n",
       "       [ 25,  30,  35,  40,  45,  50,  55,  60,  65,  70],\n",
       "       [ 30,  36,  42,  48,  54,  60,  66,  72,  78,  84],\n",
       "       [ 35,  42,  49,  56,  63,  70,  77,  84,  91,  98],\n",
       "       [ 40,  48,  56,  64,  72,  80,  88,  96, 104, 112],\n",
       "       [ 45,  54,  63,  72,  81,  90,  99, 108, 117, 126]])"
      ]
     },
     "execution_count": 15,
     "metadata": {},
     "output_type": "execute_result"
    }
   ],
   "source": [
    "np.einsum('i,j->ij', C, D)"
   ]
  },
  {
   "cell_type": "code",
   "execution_count": null,
   "metadata": {},
   "outputs": [],
   "source": []
  },
  {
   "cell_type": "code",
   "execution_count": 16,
   "metadata": {},
   "outputs": [
    {
     "data": {
      "text/plain": [
       "array([[  0,   0,   0,   0,   0,   0,   0,   0,   0,   0],\n",
       "       [  5,   6,   7,   8,   9,  10,  11,  12,  13,  14],\n",
       "       [ 10,  12,  14,  16,  18,  20,  22,  24,  26,  28],\n",
       "       [ 15,  18,  21,  24,  27,  30,  33,  36,  39,  42],\n",
       "       [ 20,  24,  28,  32,  36,  40,  44,  48,  52,  56],\n",
       "       [ 25,  30,  35,  40,  45,  50,  55,  60,  65,  70],\n",
       "       [ 30,  36,  42,  48,  54,  60,  66,  72,  78,  84],\n",
       "       [ 35,  42,  49,  56,  63,  70,  77,  84,  91,  98],\n",
       "       [ 40,  48,  56,  64,  72,  80,  88,  96, 104, 112],\n",
       "       [ 45,  54,  63,  72,  81,  90,  99, 108, 117, 126]])"
      ]
     },
     "execution_count": 16,
     "metadata": {},
     "output_type": "execute_result"
    }
   ],
   "source": [
    "np.outer(C, D)"
   ]
  },
  {
   "cell_type": "code",
   "execution_count": null,
   "metadata": {},
   "outputs": [],
   "source": []
  },
  {
   "cell_type": "code",
   "execution_count": 17,
   "metadata": {},
   "outputs": [
    {
     "data": {
      "text/plain": [
       "array([[  0,   0,   0,   0,   0,   0,   0,   0,   0,   0],\n",
       "       [  5,   6,   7,   8,   9,  10,  11,  12,  13,  14],\n",
       "       [ 10,  12,  14,  16,  18,  20,  22,  24,  26,  28],\n",
       "       [ 15,  18,  21,  24,  27,  30,  33,  36,  39,  42],\n",
       "       [ 20,  24,  28,  32,  36,  40,  44,  48,  52,  56],\n",
       "       [ 25,  30,  35,  40,  45,  50,  55,  60,  65,  70],\n",
       "       [ 30,  36,  42,  48,  54,  60,  66,  72,  78,  84],\n",
       "       [ 35,  42,  49,  56,  63,  70,  77,  84,  91,  98],\n",
       "       [ 40,  48,  56,  64,  72,  80,  88,  96, 104, 112],\n",
       "       [ 45,  54,  63,  72,  81,  90,  99, 108, 117, 126]])"
      ]
     },
     "execution_count": 17,
     "metadata": {},
     "output_type": "execute_result"
    }
   ],
   "source": [
    "np.dot(C.reshape(10,1), D.reshape(1,10))"
   ]
  },
  {
   "cell_type": "code",
   "execution_count": null,
   "metadata": {},
   "outputs": [],
   "source": []
  },
  {
   "cell_type": "code",
   "execution_count": 18,
   "metadata": {},
   "outputs": [
    {
     "data": {
      "text/plain": [
       "array([[  0,   5,  10,  15,  20,  25,  30,  35,  40,  45],\n",
       "       [  0,   6,  12,  18,  24,  30,  36,  42,  48,  54],\n",
       "       [  0,   7,  14,  21,  28,  35,  42,  49,  56,  63],\n",
       "       [  0,   8,  16,  24,  32,  40,  48,  56,  64,  72],\n",
       "       [  0,   9,  18,  27,  36,  45,  54,  63,  72,  81],\n",
       "       [  0,  10,  20,  30,  40,  50,  60,  70,  80,  90],\n",
       "       [  0,  11,  22,  33,  44,  55,  66,  77,  88,  99],\n",
       "       [  0,  12,  24,  36,  48,  60,  72,  84,  96, 108],\n",
       "       [  0,  13,  26,  39,  52,  65,  78,  91, 104, 117],\n",
       "       [  0,  14,  28,  42,  56,  70,  84,  98, 112, 126]])"
      ]
     },
     "execution_count": 18,
     "metadata": {},
     "output_type": "execute_result"
    }
   ],
   "source": [
    "np.einsum('i,j->ji', C, D)"
   ]
  },
  {
   "cell_type": "code",
   "execution_count": 19,
   "metadata": {},
   "outputs": [
    {
     "data": {
      "text/plain": [
       "array([[  0,   5,  10,  15,  20,  25,  30,  35,  40,  45],\n",
       "       [  0,   6,  12,  18,  24,  30,  36,  42,  48,  54],\n",
       "       [  0,   7,  14,  21,  28,  35,  42,  49,  56,  63],\n",
       "       [  0,   8,  16,  24,  32,  40,  48,  56,  64,  72],\n",
       "       [  0,   9,  18,  27,  36,  45,  54,  63,  72,  81],\n",
       "       [  0,  10,  20,  30,  40,  50,  60,  70,  80,  90],\n",
       "       [  0,  11,  22,  33,  44,  55,  66,  77,  88,  99],\n",
       "       [  0,  12,  24,  36,  48,  60,  72,  84,  96, 108],\n",
       "       [  0,  13,  26,  39,  52,  65,  78,  91, 104, 117],\n",
       "       [  0,  14,  28,  42,  56,  70,  84,  98, 112, 126]])"
      ]
     },
     "execution_count": 19,
     "metadata": {},
     "output_type": "execute_result"
    }
   ],
   "source": [
    "np.outer(D.reshape(10,1), C.reshape(1,10))"
   ]
  },
  {
   "cell_type": "code",
   "execution_count": null,
   "metadata": {},
   "outputs": [],
   "source": []
  },
  {
   "cell_type": "code",
   "execution_count": null,
   "metadata": {},
   "outputs": [],
   "source": []
  },
  {
   "cell_type": "code",
   "execution_count": null,
   "metadata": {},
   "outputs": [],
   "source": []
  }
 ],
 "metadata": {
  "kernelspec": {
   "display_name": "Python 3",
   "language": "python",
   "name": "python3"
  },
  "language_info": {
   "codemirror_mode": {
    "name": "ipython",
    "version": 3
   },
   "file_extension": ".py",
   "mimetype": "text/x-python",
   "name": "python",
   "nbconvert_exporter": "python",
   "pygments_lexer": "ipython3",
   "version": "3.7.6"
  }
 },
 "nbformat": 4,
 "nbformat_minor": 2
}
